13 0.30234375 0.834375 0.31171875 0.303125
13 0.23828125 0.49140625 0.2921875 0.309375
13 0.19453125 0.26171875 0.25703125 0.221875
13 0.39765625 0.14296875 0.26875 0.25390625
13 0.57109375 0.296875 0.2703125 0.27421875
13 0.7796875 0.46953125 0.3109375 0.2609375
13 0.0984375 0.64453125 0.190625 0.275
13 0.1515625 0.11015625 0.2046875 0.13515625
13 0.821875 0.1171875 0.196875 0.1546875
13 0.840625 0.25859375 0.175 0.18125
13 0.96484375 0.3953125 0.0703125 0.2046875
13 0.965625 0.60703125 0.06796875 0.2296875
13 0.50078125 0.659375 0.35078125 0.36171875
13 0.80625 0.76875 0.31328125 0.334375
13 0.39765625 0.359375 0.140625 0.20234375
13 0.04140625 0.4328125 0.08125 0.1828125