13 0.228125 0.459375 0.140625 0.12734375
13 0.23359375 0.6078125 0.12421875 0.12734375
13 0.2390625 0.778125 0.1359375 0.1609375
13 0.36796875 0.8140625 0.09765625 0.228125
13 0.49609375 0.8109375 0.10703125 0.22578125
13 0.615625 0.803125 0.09765625 0.2015625
13 0.7515625 0.7671875 0.1328125 0.17265625
13 0.77421875 0.58671875 0.1390625 0.14609375
13 0.7765625 0.39921875 0.12421875 0.1171875
13 0.7625 0.196875 0.11640625 0.17265625
13 0.62265625 0.16796875 0.0859375 0.17734375
13 0.496875 0.15078125 0.0734375 0.2109375
13 0.36796875 0.15859375 0.08125 0.20625
13 0.246875 0.1703125 0.11328125 0.18671875
13 0.22109375 0.3078125 0.1359375 0.14609375