0 0.2578125 0.7484375 0.1671875 0.2296875
0 0.25078125 0.49765625 0.1671875 0.240625
0 0.26328125 0.2625 0.15625 0.21875
0 0.4203125 0.26484375 0.15625 0.23515625
0 0.58203125 0.26796875 0.15234375 0.2296875
0 0.409375 0.51640625 0.15625 0.24609375
0 0.41796875 0.75703125 0.1453125 0.22421875
0 0.5671875 0.5078125 0.1671875 0.240625
0 0.5796875 0.7515625 0.16328125 0.23515625
0 0.73984375 0.26796875 0.15625 0.2296875
0 0.73984375 0.50546875 0.16328125 0.24609375
0 0.74375 0.759375 0.15625 0.2296875