6 0.37265625 0.48984375 0.28203125 0.45390625
6 0.3703125 0.84296875 0.2625 0.3140625
6 0.65859375 0.5203125 0.3046875 0.47421875
6 0.2625 0.16484375 0.29375 0.31953125
6 0.090625 0.3734375 0.1734375 0.5
6 0.69140625 0.21171875 0.278125 0.38125
6 0.88046875 0.4765625 0.2390625 0.396875
6 0.615625 0.9171875 0.26640625 0.16484375
6 0.5015625 0.10859375 0.21640625 0.20625
6 0.80078125 0.8171875 0.29765625 0.365625
6 0.15859375 0.8609375 0.20859375 0.2265625
6 0.5640625 0.74453125 0.18515625 0.21171875
6 0.93046875 0.134375 0.1390625 0.1546875
6 0.8515625 0.175 0.11171875 0.20625
6 0.9421875 0.2375 0.115625 0.16484375
6 0.934375 0.78359375 0.13125 0.309375
6 0.13515625 0.95859375 0.2625 0.0828125
6 0.040625 0.80390625 0.0734375 0.3296875