6 0.2234375 0.36328125 0.18515625 0.22421875
6 0.05625 0.56015625 0.10546875 0.24609375
6 0.10703125 0.89609375 0.16328125 0.2078125
6 0.30390625 0.74296875 0.16328125 0.2515625
6 0.06015625 0.1203125 0.1125 0.2296875
6 0.36875 0.084375 0.18515625 0.15859375
6 0.45625 0.42890625 0.15625 0.24609375
6 0.621875 0.16953125 0.16015625 0.2625
6 0.5453125 0.84140625 0.1890625 0.240625
6 0.66875 0.5625 0.15234375 0.2515625
6 0.865625 0.390625 0.17421875 0.22421875
6 0.90390625 0.0984375 0.17109375 0.1859375
6 0.80546875 0.8796875 0.17109375 0.240625
6 0.9359375 0.69609375 0.128125 0.2671875