6 0.1640625 0.7375 0.13359375 0.23828125
6 0.06953125 0.80078125 0.1328125 0.2546875
6 0.2125 0.83359375 0.125 0.2234375
6 0.7625 0.14609375 0.1578125 0.259375
6 0.871875 0.3265625 0.1734375 0.29921875
6 0.48984375 0.56328125 0.12734375 0.2296875
6 0.72421875 0.5640625 0.1546875 0.253125
6 0.5703125 0.734375 0.1078125 0.23671875
6 0.64765625 0.75390625 0.0703125 0.20078125
6 0.36640625 0.24765625 0.1640625 0.271875
6 0.23046875 0.28046875 0.140625 0.2703125
6 0.20703125 0.4203125 0.13828125 0.1484375
6 0.346875 0.4546875 0.16484375 0.246875
6 0.12265625 0.96875 0.0484375 0.0625
6 0.0734375 0.98203125 0.0421875 0.0359375
6 0.08671875 0.9484375 0.0515625 0.06640625
6 0.0265625 0.96796875 0.04921875 0.06328125