2 0.559375 0.8578125 0.09453125 0.26015625
2 0.7078125 0.8453125 0.1546875 0.2796875
2 0.69765625 0.60703125 0.0921875 0.28203125
2 0.8609375 0.43828125 0.16015625 0.2125
2 0.8328125 0.7625 0.13671875 0.18671875
2 0.24375 0.59375 0.0890625 0.265625
2 0.22890625 0.78828125 0.18203125 0.26328125
2 0.43515625 0.14453125 0.08984375 0.2625
2 0.28984375 0.30546875 0.0890625 0.32890625
2 0.434375 0.390625 0.1203125 0.2140625
2 0.584375 0.2453125 0.09921875 0.28203125
2 0.6671875 0.25078125 0.0703125 0.20859375
2 0.36640625 0.16796875 0.06015625 0.16640625
2 0.35390625 0.4796875 0.09765625 0.14921875
2 0.47578125 0.52734375 0.13125 0.13203125
2 0.53046875 0.1703125 0.08359375 0.13125
2 0.49921875 0.3421875 0.0890625 0.23125
2 0.615625 0.41640625 0.1390625 0.19140625