12 0.16171875 0.7375 0.24375 0.371875
12 0.1203125 0.32265625 0.18203125 0.3609375
12 0.24375 0.53515625 0.17421875 0.30625
12 0.07265625 0.5875 0.13828125 0.39921875
12 0.071875 0.89296875 0.1375 0.2140625
12 0.2578125 0.9125 0.1890625 0.175
12 0.46328125 0.79765625 0.20703125 0.3390625
12 0.4109375 0.47578125 0.21796875 0.371875
12 0.28515625 0.20234375 0.2578125 0.371875
12 0.6109375 0.5 0.2109375 0.38828125
12 0.68359375 0.77578125 0.19609375 0.328125
12 0.88515625 0.68828125 0.19296875 0.30625
12 0.79453125 0.41796875 0.19296875 0.36640625
12 0.934375 0.346875 0.13125 0.36640625
12 0.5921875 0.9421875 0.203125 0.115625
12 0.52578125 0.2484375 0.20703125 0.30078125
12 0.70546875 0.19140625 0.1890625 0.30625
12 0.8234375 0.171875 0.1203125 0.28984375
12 0.921875 0.11171875 0.15625 0.21328125
12 0.3328125 0.7953125 0.134375 0.33359375
12 0.96796875 0.821875 0.0609375 0.35625
12 0.8140625 0.909375 0.240625 0.18125
12 0.59296875 0.06796875 0.23984375 0.12578125