12 0.19140625 0.1828125 0.225 0.321875
12 0.1515625 0.58671875 0.275 0.35
12 0.4375 0.2421875 0.21015625 0.2515625
12 0.4734375 0.52109375 0.22890625 0.2953125
12 0.11015625 0.8859375 0.1921875 0.228125
12 0.296875 0.93671875 0.24609375 0.1265625
12 0.33515625 0.74765625 0.275 0.2515625
12 0.30234375 0.46640625 0.2 0.2796875
12 0.6421875 0.32421875 0.22734375 0.30859375
12 0.721875 0.54609375 0.2609375 0.4046875
12 0.8859375 0.684375 0.22734375 0.4046875
12 0.74140625 0.10703125 0.2125 0.21015625
12 0.91796875 0.13671875 0.1640625 0.2703125
12 0.8140625 0.8734375 0.2203125 0.253125
12 0.7828125 0.27890625 0.16484375 0.21796875
12 0.58125 0.81640625 0.27265625 0.33671875
12 0.540625 0.0796875 0.20390625 0.15703125
12 0.90703125 0.37578125 0.1859375 0.2484375