13 0.05546875 0.40859375 0.10703125 0.1796875
13 0.18984375 0.32109375 0.14375 0.16328125
13 0.33515625 0.2921875 0.09921875 0.17734375
13 0.61328125 0.58984375 0.11796875 0.16796875
13 0.29375 0.47734375 0.11796875 0.134375
13 0.21171875 0.5453125 0.084375 0.13203125
13 0.2796875 0.68671875 0.12421875 0.1609375
13 0.44375 0.6765625 0.11796875 0.134375
13 0.41484375 0.85703125 0.1328125 0.175
13 0.68046875 0.75390625 0.1375 0.1796875
13 0.5515625 0.75078125 0.10078125 0.1390625
13 0.42890625 0.53828125 0.11328125 0.13671875