6 0.121875 0.6578125 0.2421875 0.2875
6 0.05625 0.39921875 0.1109375 0.259375
6 0.24765625 0.4078125 0.27734375 0.26640625
6 0.11953125 0.1453125 0.23359375 0.278125
6 0.40390625 0.15078125 0.27109375 0.2953125
6 0.2453125 0.834375 0.2890625 0.14140625
6 0.5375 0.4125 0.3078125 0.27578125
6 0.3796875 0.6625 0.30078125 0.26875
6 0.678125 0.659375 0.30625 0.26796875
6 0.92109375 0.6640625 0.1578125 0.275
6 0.825 0.8265625 0.29140625 0.15390625
6 0.534375 0.828125 0.2734375 0.15546875
6 0.68515625 0.16015625 0.27578125 0.290625
6 0.82421875 0.40234375 0.27109375 0.30859375
6 0.9109375 0.1546875 0.178125 0.290625
6 0.04765625 0.8359375 0.08828125 0.13359375