8 0.16328125 0.596875 0.2234375 0.29140625
8 0.27265625 0.84375 0.2234375 0.30546875
8 0.30234375 0.3515625 0.2296875 0.28671875
8 0.6140625 0.615625 0.225 0.28515625
8 0.4953125 0.85234375 0.2296875 0.29296875
8 0.721875 0.8484375 0.2234375 0.30234375
8 0.0984375 0.3390625 0.18984375 0.29453125
8 0.04765625 0.11328125 0.0921875 0.22421875
8 0.1984375 0.125 0.25234375 0.24609375
8 0.43125 0.1234375 0.24609375 0.23359375
8 0.65390625 0.1140625 0.21875 0.21953125
8 0.7421875 0.34453125 0.253125 0.325
8 0.8828125 0.1296875 0.234375 0.25625
8 0.084375 0.8375 0.1609375 0.31171875
8 0.9390625 0.35390625 0.12109375 0.30703125
8 0.51953125 0.35390625 0.2125 0.30078125
8 0.84140625 0.6125 0.221875 0.3390625