9 0.134375 0.67734375 0.221875 0.2796875
9 0.21328125 0.3375 0.2390625 0.3328125
9 0.05546875 0.07890625 0.10625 0.15546875
9 0.31953125 0.59765625 0.13984375 0.26171875
9 0.45234375 0.34375 0.2375 0.35546875
9 0.68671875 0.38984375 0.25625 0.37734375
9 0.775 0.690625 0.22265625 0.3125
9 0.56328125 0.62578125 0.22734375 0.29453125
9 0.58515625 0.12265625 0.2078125 0.2375
9 0.79375 0.12890625 0.24375 0.2484375
9 0.88359375 0.4296875 0.15703125 0.28828125
9 0.8484375 0.9375 0.1859375 0.12421875
9 0.96015625 0.85 0.0796875 0.3