9 0.4046875 0.7890625 0.3296875 0.3140625
9 0.12734375 0.803125 0.24609375 0.27421875
9 0.15 0.5 0.271875 0.24375
9 0.409375 0.346875 0.2703125 0.25
9 0.40390625 0.5609375 0.22421875 0.165625
9 0.80390625 0.81328125 0.23203125 0.265625
9 0.74765625 0.51328125 0.2640625 0.25
9 0.64921875 0.12578125 0.25 0.24765625
9 0.21328125 0.1546875 0.21796875 0.20234375
9 0.4171875 0.15078125 0.19375 0.18203125
9 0.859375 0.16796875 0.1859375 0.16015625
9 0.7078125 0.3546875 0.228125 0.18203125
9 0.90859375 0.36953125 0.1828125 0.1921875
9 0.94453125 0.53828125 0.1109375 0.2203125
9 0.1796875 0.31171875 0.215625 0.1796875
9 0.8203125 0.06015625 0.1640625 0.10390625
9 0.4140625 0.03828125 0.2078125 0.071875
9 0.134375 0.9609375 0.24765625 0.078125