2 0.12421875 0.434375 0.2265625 0.26953125
2 0.09921875 0.1640625 0.196875 0.3
2 0.2390625 0.84140625 0.24765625 0.31640625
2 0.3296875 0.403125 0.19296875 0.5359375
2 0.5 0.621875 0.34453125 0.5109375
2 0.8671875 0.759375 0.26484375 0.24140625
2 0.5546875 0.1875 0.20625 0.371875
2 0.3265625 0.0546875 0.16015625 0.10703125
2 0.059375 0.715625 0.11796875 0.234375
2 0.7234375 0.378125 0.15546875 0.421875
2 0.91875 0.44375 0.16171875 0.265625
2 0.825 0.13828125 0.2359375 0.26796875
2 0.96171875 0.15546875 0.0765625 0.2484375
2 0.9328125 0.9390625 0.134375 0.121875