10 0.159375 0.69921875 0.225 0.296875
10 0.27421875 0.44921875 0.24296875 0.33203125
10 0.36640625 0.16484375 0.26796875 0.2828125
10 0.409375 0.7765625 0.26328125 0.4078125
10 0.50078125 0.4234375 0.23125 0.375
10 0.27421875 0.88359375 0.321875 0.19375
10 0.78125 0.4078125 0.26484375 0.33203125
10 0.7265625 0.7046875 0.35859375 0.33984375
10 0.12578125 0.1421875 0.21875 0.24609375
10 0.678125 0.15625 0.34375 0.265625
10 0.87421875 0.81171875 0.21875 0.3296875
10 0.09140625 0.440625 0.153125 0.3765625