11 0.5140625 0.3484375 0.2640625 0.59140625
1 0.24453125 0.72265625 0.10390625 0.2625
1 0.3390625 0.778125 0.14609375 0.17109375
0 0.3203125 0.54765625 0.15234375 0.128125
0 0.36875 0.49375 0.1078125 0.08125
8 0.4109375 0.41875 0.08515625 0.121875
8 0.73984375 0.59375 0.13046875 0.09765625
8 0.453125 0.76953125 0.109375 0.07890625
2 0.2875 0.6421875 0.05859375 0.0890625
2 0.409375 0.5703125 0.05859375 0.09921875
2 0.6078125 0.62109375 0.05703125 0.0671875
2 0.46328125 0.69296875 0.06875 0.07734375
2 0.3828125 0.73359375 0.0875 0.08515625
2 0.459375 0.79765625 0.0609375 0.10390625
2 0.665625 0.7015625 0.0546875 0.09765625
2 0.6515625 0.8 0.0671875 0.10390625
2 0.72578125 0.6484375 0.06484375 0.10546875
9 0.55859375 0.796875 0.134375 0.13828125
9 0.75546875 0.759375 0.12421875 0.140625
9 0.39453125 0.67109375 0.13828125 0.12578125
10 0.61875 0.44375 0.0875 0.1359375
10 0.69140625 0.5359375 0.121875 0.0953125
10 0.65859375 0.653125 0.08515625 0.1484375
10 0.553125 0.67109375 0.12578125 0.13828125