11 0.678125 0.353125 0.18046875 0.62109375
1 0.846875 0.7171875 0.22734375 0.178125
14 0.403125 0.54609375 0.353125 0.24453125
7 0.5390625 0.61484375 0.2375 0.29140625
0 0.10859375 0.65546875 0.15 0.1671875
8 0.68828125 0.721875 0.1296875 0.18203125
8 0.64609375 0.77421875 0.13125 0.16015625
8 0.48203125 0.81640625 0.10234375 0.11328125
8 0.5203125 0.76484375 0.07734375 0.078125
8 0.575 0.8125 0.0875 0.115625
5 0.2828125 0.66015625 0.2125 0.16484375
13 0.25703125 0.815625 0.07265625 0.09375
13 0.35 0.80625 0.1078125 0.1203125
13 0.2171875 0.76796875 0.04140625 0.09765625
13 0.27890625 0.7578125 0.08984375 0.06015625
13 0.35078125 0.74453125 0.0703125 0.0765625